7.531028249048981049e-01
2.832466657586680814e-01
2.418430316761503995e-01
2.740705345500635826e-01
-3.711726716607205434e-01
1.444928950011856728e-01
7.452108944936093327e-01
6.248813586018802102e-01
6.228058384410644077e-01
-2.564679982006994319e-01
-3.151872070638572776e-01
-9.658572600350772142e-01
9.131165894625781210e-01
-5.326599075028441987e-01
6.918215237951137464e-01
-3.426525983099300010e-01
9.883976693336657959e-01
1.030012738226696811e+00
-4.132897469759940767e-01
9.146063371089723226e-01
1.079435467255579262e+00
4.232120907240615182e-01
3.542180435721280496e-01
9.752348760092444113e-01
-2.935286722629494305e-01
3.475274063086328802e-01
2.716938970749265270e-01
3.686774827405390198e-01
4.969417414702512747e-01
1.052512481622708940e+00
-4.219548680009772568e-01
3.548559902822674417e-01
9.286611511695552768e-01
7.929211103309050657e-01
1.942302922903473839e-01
8.757113780714160800e-01
-2.200083108769192997e-01
2.117367003218504351e-01
-9.550344676298246904e-01
7.321391942050718971e-01
6.200862681000409715e-01
3.067567134944704232e-01
6.737465948573386765e-01
-8.499087389699511164e-02
-9.893418692186199959e-01
-9.220143724936666896e-01
-1.000974404399745943e-02
3.327494763480811635e-01
3.830174353483528638e-01
9.853200426939983103e-01
-6.029648828987985709e-01
-8.053428570660812191e-01
7.795844123649380286e-01
7.148178679144330250e-01
1.089775952461434105e+00
-1.910004242962326515e-01
9.084636097730314219e-01
-2.725510232640724340e-01
2.968044748636360364e-01
4.842959438433367403e-01
-2.185670828191494941e-01
-9.000740227976864460e-01
1.029427528250774326e+00
2.231875182423574966e-01
4.384773975397626700e-01
-9.236842326738166076e-01
1.082898155440831456e+00
7.897489421428862677e-01
-6.034099178950091957e-02
8.472721736622748079e-01
-7.345475634001352727e-01
4.796899060513462043e-01
-7.295287570001804944e-01
9.058580192716840784e-01
3.291438196946256944e-01
4.018979830497877437e-01
-6.104243899375312310e-01
-6.429676684905293316e-01
3.174278296156334278e-01
-1.005651665307829568e-01
2.703003652301696480e-01
7.203635111219661713e-01
6.190199476988254013e-01
1.144154913348778280e-01
-3.030328874469492284e-01
9.786651730288105089e-01
6.782391291104490350e-01
4.864182910875389787e-01
-5.971213890919868650e-02
6.900778455137641654e-01
9.286217692750529107e-01
1.831116138493729117e-01
-9.780165545832043561e-01
6.838212618448933355e-01
3.703492097244929226e-01
4.030213408954761434e-01
-9.923059029221322769e-01
-5.772022765389618337e-01
7.211547865028791193e-01
6.064803415602904035e-01
-1.142952354805327753e-01
-5.803226911499151930e-01
8.529471225244389387e-02
5.115677780424428001e-01
5.403785670578329370e-01
2.475159923915426496e-01
-7.929457208250660916e-01
-2.511255995177429368e-01
9.338779157345771242e-01
1.004005563638309173e+00
9.908463935324860472e-01
9.299900738625290764e-01
-5.300811765771925588e-01
-5.237963187747600724e-01
8.333106014089806113e-01
1.105599655436008799e+00
-5.114046795135160917e-01
-9.303415060745492404e-01
1.083848690137747095e+00
6.549148807051257126e-01
2.865662590188073899e-01
1.091189173671760049e+00
1.099153662236906914e+00
4.625239164545773551e-01
7.177245562300158532e-01
-4.542719092860560970e-01
4.353411665949391551e-01
7.365704574205675925e-01
8.370267140973439712e-01
7.389896787029444081e-01
6.410706916719357551e-01
1.031172968219658426e+00
4.451965885007322932e-01
5.767584016124296387e-01
5.951006073288180875e-01
4.575431409145707118e-01
1.005339387593374045e+00
1.075872390154434033e+00
8.844313038365561042e-01
-5.660869804265726835e-01
1.042252001458357391e+00
-7.404484105365145563e-01
-9.952482499957456819e-01
6.410826063428349819e-01
3.479797659175609681e-03
1.720516958271269825e-01
-9.492773782743892941e-01
-1.745534216906003966e-01
6.852496691023464148e-01
-6.632620997881815139e-01
-8.461281382748442326e-01
8.368989968413895753e-01
1.058592994894749673e+00
-8.662173888743555095e-01
1.083693570757803037e+00
8.984949703439806257e-01
9.233339261635515882e-01
5.415307377445484072e-01
1.049071550308692036e+00
1.044848246574162420e+00
6.274977577124591921e-01
1.045718826017300263e+00
-5.172125130720318653e-01
-5.815582226216836625e-01
-4.454333274688121458e-01
-7.225428273690535086e-01
1.045912658208485890e+00
8.291430018240864008e-01
1.108751235891519471e+00
1.061381012391405587e+00
8.512381455718709411e-01
7.219868804527960204e-01
1.397617786566094367e-01
-5.359156939294873467e-01
1.015265472384010881e+00
-6.029928904940469181e-01
-2.710436761795788074e-01
5.054009360954021535e-01
-1.391404137510013905e-01
4.902685374687814068e-01
6.425193474694255169e-01
4.018812854908320187e-01
2.294760265637598717e-01
-5.583442258066478869e-01
1.083983158057709950e+00
-7.465201634627132155e-01
-4.360377802276135251e-01
-2.911204583568038906e-02
9.548887554912339759e-01
-1.694570993261736991e-01
6.627648293340406838e-01
-1.708477508449731674e-01
-2.371516805190381216e-01
1.037201203256358450e+00
-8.384010321190149551e-02
3.449600502901390975e-01
-6.961870628359796420e-01
1.075236110811070844e+00
-3.740239356810215465e-01
4.543036578085009047e-01
6.186194234560535854e-01
5.994173232501474047e-01
6.561042127237783905e-01
-9.312367217169215117e-01
5.057688165735130248e-01
-8.682231698599991443e-01
3.887194015799826374e-01
-6.491471157384003376e-01
-4.554511076677414394e-01
-5.818861315234675757e-01
6.812612282242438422e-01
9.568181538944857678e-01
9.887515343962269831e-01
9.373135166522508221e-01
7.218827525952928870e-01
6.841511633292096661e-01
2.920490090541811856e-01
1.605024751011954187e-01
6.009103188598396983e-01
5.684129572175242728e-01
1.020696512654279520e+00
1.102192139146036531e+00
4.616666520381984551e-01
6.716403156201893321e-01
3.481533701781343026e-01
4.128460322115623526e-02
-8.237613435480517499e-02
-3.074909549796845942e-01
-7.356876587540397416e-01
6.105424748510637212e-01
2.797795683873758321e-01
1.017589142907765254e+00
9.103222565098081365e-01
-9.484030316096080382e-01
9.107117756235951767e-01
9.754318441304854481e-01
9.482264122740047263e-02
1.377364029398360223e-01
-9.621333927895575622e-01
6.696466764334818578e-01
3.736431364521686227e-01
1.039979690502033094e+00
3.318498120308952526e-01
-6.744428456833190255e-01
3.307227545699193971e-01
4.418769289413875256e-01
1.060584699727704194e+00
-1.199718476955580204e-01
5.278092131097884554e-01
7.466106361493438648e-01
8.389656782758523335e-01
5.630015132983150483e-01
8.806043210374592256e-01
6.724517336314050908e-01
2.558242224174582802e-01
3.306415868315855100e-01
-1.358915383612613326e-02
1.049364631619237986e+00
-1.008272647788303722e+00
-5.533834366130430116e-01
9.646354223918987003e-01
1.094699867068019916e+00
7.291523418319825200e-01
3.355349184906568638e-01
-4.712966206891725518e-01
5.800092418319304777e-01
2.444974852741867988e-01
5.220626081427797160e-01
9.022255445188427370e-01
1.173507165267366759e-01
2.094357587445931923e-01
4.134189057001409484e-01
9.324330523417714289e-01
-1.029725090754980421e-01
8.759066849415115819e-01
-6.910007384143204145e-01
-2.945131251818488005e-01
1.084516607911410357e+00
4.460241222119047944e-01
1.430606027451730711e-02
-2.016397013402455585e-01
-6.791468853333967326e-01
1.075948037638288834e+00
1.027218583918172889e+00
1.331982036503562838e-01
2.163959901165724009e-01
3.020068220263638636e-01
-1.783566068470013866e-01
9.908096598480971018e-01
1.068974801832704546e+00
-5.929892819245021762e-01
4.550940791740398783e-01
6.934512523573455045e-01
-3.924606857826086204e-01
5.572141610609957496e-01
-1.528631781624132380e-01
-2.770122626450091108e-01
-9.130185955817359256e-01
-4.144961820643894290e-01
3.209578943793989225e-01
5.746143486888057872e-01
4.858599182806753181e-01
7.677909887182847726e-01
-3.463445810765766186e-01
7.749763516019818610e-01
-3.851487955979860933e-01
-2.322977647473138951e-01
4.991306613919757051e-01
8.761579556150513870e-01
-2.366158460793943430e-01
-3.014539853818326565e-01
-7.525780425555483877e-01
7.842395614757058375e-01
1.030696586039328899e+00
2.117755907653680048e-01
9.342448458711389847e-01
4.874464760698333787e-01
-7.062445156857932727e-01
7.985618832309406834e-01
1.026135457843115439e+00
1.069908792303687406e+00
5.930707411963547226e-01
3.998590203692988787e-01
4.264776546155624182e-02
9.527933657596954209e-01
3.311946572966935065e-01
5.324748720349867792e-01
-1.068646952988964172e-01
1.095633182850913379e+00
6.574795528791996801e-01
3.786241869977760022e-01
-5.495835722887910668e-01
8.262208550977805377e-01
2.391075459406399872e-01
-5.789285263808784388e-01
-1.142639650177119659e-01
9.294668571230335630e-02
1.052656487131068630e+00
-5.292125096900447412e-01
7.197402636570047196e-01
4.908533646466584077e-01
1.008232403535876287e+00
5.966812517717128284e-01
-2.013237679435927463e-01
7.670643080393626523e-01
9.099654388250848491e-01
4.156624275952283121e-01
5.795017705138678643e-01
2.657472371914688658e-01
-3.867706166453793726e-01
9.965428426068325685e-01
-1.506368984539331324e-01
1.061024812954949326e+00
5.209438520205020851e-01
3.382759658883425224e-01
5.009323007954098461e-01
5.534803110475863264e-01
4.132166541139099536e-01
9.068642147545458165e-02
3.224265774416161801e-01
9.742777237288136050e-01
7.367030955491260524e-01
-7.445156190141533070e-02
9.547456394684501468e-01
3.755200119368400369e-01
1.009495986215337648e+00
-5.309559175940468112e-01
-6.679440359955006734e-01
7.680803531524249550e-02
-8.420292611022308638e-01
-4.973995708259705273e-01
4.755711848672965480e-01
1.142336614660410810e-01
2.700087042588663611e-01
-3.017499940449481777e-01
4.541168681619056624e-01
-1.269513617163732233e-01
6.685747819100911205e-01
-4.805298230966169593e-01
-2.676021942143769206e-02
9.007786808034670134e-01
1.041980179668116513e+00
3.609173558729634745e-01
-2.265041268921568207e-01
4.896708456380984842e-01
1.089735422286142175e-02
1.481328171762883450e-01
3.269935208194649778e-01
-6.197295888633620464e-01
6.759942896531148104e-01
4.547245048420536229e-01
6.006133348825650753e-01
8.716917424294960970e-01
-8.767449032495064909e-01
1.107641263630908757e+00
-5.056124864028714860e-01
-1.441620666715319743e-01
-5.258012759422332483e-01
6.037045901870445874e-01
2.434270065540671268e-01
9.858039315816049530e-01
7.635918799104208787e-01
-2.640104723319687263e-01
3.837667235816548672e-01
1.104116726794673653e+00
1.053304978821068882e+00
7.849362921170259799e-01
-3.058556233332301311e-01
-4.479625833237413923e-01
1.041331921024166718e+00
4.156076633504057760e-01
8.217235035578382973e-01
6.921044167298020522e-01
8.746761325232152995e-01
1.006577478662385783e+00
7.387643268242205519e-01
1.967848009660173592e-01
-2.374577478752399884e-01
6.753232046156600887e-01
4.129886286985540167e-01
5.780660771897339067e-01
9.411754552298132737e-01
6.000261184297512873e-01
7.426880013437198169e-01
-9.129823890770480954e-01
7.674542413080358561e-01
-5.141706741176915729e-01
5.233943509854495080e-01
5.791393528195485363e-01
6.260031238866183845e-01
9.590782476608938900e-01
-8.790681477826418622e-01
6.312698304084418677e-01
-2.849716220568122571e-01
9.677268369273221982e-01
5.542126587508633406e-01
1.088931842165024033e+00
-2.958599301203814758e-01
9.725820138135656823e-01
-8.883479787319558119e-01
5.925124843080720183e-01
-6.698162230619884028e-01
6.860888918591672159e-01
-5.626977597030529132e-01
1.137816957765978021e-01
-9.127555075552775676e-01
6.961719396733039300e-01
-5.747035340044179819e-01
7.711355531581920442e-01
9.663418910331345035e-01
1.122486852227373433e-01
5.024244788256044814e-01
-1.303692989098013122e-01
3.895865701645899737e-01
3.818804257538312985e-01
1.020791358998393683e+00
9.290793602616835845e-01
1.037041556916062035e+00
9.965908011944728528e-01
6.484247036963814992e-01
1.089407807080470914e+00
4.455370365678943401e-01
9.790684387977677261e-01
3.064647489008613945e-01
-1.313780184574521170e-01
-8.064769492702728027e-01
1.056090969583414640e+00
9.533678896466735164e-01
-9.121741340668720888e-01
-3.672980876418185936e-01
5.827575590592328769e-01
1.087734501613961680e-01
5.991427804530387036e-01
4.277550718550253706e-01
4.649586642538983128e-01
-1.744066944980802170e-01
4.098068577380522548e-01
8.247962916547877388e-01
7.917237446721969718e-01
6.403705740332550356e-01
7.231503047804099804e-01
6.102239650176266572e-01
8.236478761567933571e-01
6.170782348451202548e-01
4.547146721089021515e-01
-5.541394166290716239e-01
7.893208452608164727e-01
-9.908564565597492990e-01
-4.691999108829100207e-01
1.475492818106869386e-01
1.036094801332751558e+00
-8.721905970240894090e-01
9.337809818104596538e-01
-3.898946723323782892e-01
2.440727451610615883e-01
-2.899831288385578132e-01
-7.681943345199813145e-01
-4.779547636531057409e-01
7.580262808597448831e-02
-5.081628670507188916e-01
-3.492237130256521382e-01
2.988379263292322285e-01
7.904133739718273155e-01
-8.367515055198310181e-01
4.482311777787302276e-01
-4.856275172328085032e-01
-2.152024747610924438e-01
1.105206198591726974e+00
3.607372885607120772e-01
-5.751901073965233202e-01
1.307940424892066744e-01
7.445743691000503706e-01
1.048102731657837516e+00
5.180007167540625623e-01
-4.228869770654913873e-01
-2.085725700999983001e-01
-7.731025316310324857e-02
1.975242933986702809e-01
-8.878517818825393260e-01
1.024354873462330673e+00
-8.112436314170214935e-01
3.550687464404216342e-01
-3.882154130053916408e-01
1.001328820810112763e+00
-8.565053281769881011e-01
-1.351064087388491597e-01
-5.153518929999790776e-01
1.094056140944998923e+00
8.254813809395611379e-01
4.540676779746564140e-01
1.102601037741058665e+00
1.981844841203384000e-02
-4.061669597062022019e-01
5.447156805134396595e-01
-6.018931360774272266e-01
1.986219127282993213e-01
-8.462454084477906147e-01
9.667637601984671036e-01
5.139353917829025953e-01
8.538726168869517075e-01
5.988118107692697034e-01
9.705784659240479506e-01
-1.817271340935479040e-01
2.048790214672751020e-01
5.673074019314774397e-01
9.167082391507936912e-01
7.822445684293930501e-01
1.016901707623459661e+00
-2.974173916997286948e-01
1.554988324340067507e-02
9.944468657412310897e-01
8.086187481948110545e-01
4.235505037588125354e-01
8.395819031423830126e-01
5.250415085002462234e-01
9.865840075107081830e-01
-7.233888292285806099e-01
-4.875577424493928724e-01
6.521861518288982751e-01
-2.851141309606742835e-01
-5.521776020935680318e-01
5.610824530671971733e-01
-7.636255826727297302e-01
-1.029587014552312274e-01
5.108695812484909116e-01
-5.242886168098745969e-01
-6.155655490256904949e-01
5.872327393682188479e-01
8.065401945115973081e-01
-7.562079631166088722e-01
9.170848428509168482e-01
8.718475747785776608e-01
1.399028415144587534e-01
4.523553938641571293e-01
3.549881791544122756e-01
1.452065861611804287e-01
-2.695433744420913103e-01
9.987707566744594700e-01
6.062887470132920509e-01
1.070078639843419666e+00
3.169347083482625393e-01
-2.618099425075357534e-01
-2.060769568002571717e-01
6.859994768832464729e-01
-3.467042064049528083e-01
2.789011820974891531e-01
-1.961005744294956887e-01
9.525068624129053863e-01
1.037222841000048135e+00
1.186111368029374447e-01
1.028103059453016055e+00
7.872448794853434961e-01
-1.785363903650246664e-01
1.423324135717449757e-01
1.018697193309765492e+00
-1.017990525479945729e+00
1.061614543366859120e+00
1.529067781738817633e-01
8.001859475206438699e-01
8.323538286499247985e-01
-4.685338946906126845e-01
5.265607336606015210e-01
-6.242950864917524711e-01
5.500920417276411456e-01
9.407414352684413394e-01
1.308831342620786486e-02
2.882167003994942078e-01
-8.604718565357746263e-01
7.638164667879896452e-01
6.174313898021523972e-01
2.086008688294849200e-01
-9.423379617414326948e-01
7.567695504839799803e-01
7.777060952365126845e-01
-1.217521246697981230e-01
-3.479143251875214116e-01
-2.387195770234483705e-01
5.940640735990863064e-01
-8.078952101597384194e-01
1.032649451903414395e+00
2.648438222719440294e-01
2.061669888845039100e-01
3.080663129568281811e-01
2.934048134920359541e-01
-9.752504956190516383e-01
8.655588116471137905e-01
9.783258974776587458e-01
5.531030937355321253e-01
1.060195567480969547e+00
8.321067209659067654e-01
9.985715571469153673e-01
-5.336544324548588847e-01
-1.680361710346991444e-01
5.487742339193624197e-02
1.065337820886251397e+00
4.649641216384463593e-01
1.678769122250143297e-01
8.072370788922513807e-01
9.820389142465595356e-01
1.084704281783373414e+00
1.075305672235493226e+00
-9.361591959839762334e-01
6.296543346451544121e-01
-1.076106647883575684e-01
6.488582005122458529e-01
9.174381830663114190e-01
2.649127503169834696e-01
6.246838188217351817e-01
7.052547240457962552e-01
-4.643911061007506280e-01
1.020834195183576654e+00
1.038905330508709035e+00
4.449484095590150456e-01
5.486878619386250655e-01
1.056546101085800160e+00
1.074515836722302442e+00
2.736010077692303533e-01
4.217379475127378541e-01
1.404263116380894960e-01
4.795869940202290849e-01
6.842930512619216366e-01
7.795605019243829759e-01
6.121028569796069796e-01
7.087655407675379493e-01
8.493291435433114600e-02
1.061465913530319494e-01
3.409912368030960650e-01
1.417615339509488148e-01
-6.720550220470766778e-01
3.134965301291066098e-01
-7.805943321150924374e-01
9.623319043479081625e-01
1.058032087803669530e+00
3.588387462146840345e-01
-4.159801358487291711e-02
7.292825653941608088e-01
8.482665961206734551e-01
1.527154515731057316e-01
1.439946489840517874e-01
-6.275503721502039278e-01
-9.827288042068622609e-01
-6.278641812411616119e-01
7.923163730960631757e-01
1.020478371607627111e+00
2.149587573641942306e-01
4.970290370273477976e-01
9.285984434933503007e-01
5.877824863117653287e-01
1.076110558248675186e+00
9.295675730078534205e-01
8.880875082232144724e-01
6.745819414286589044e-01
-6.000002484080189102e-01
7.297337684132862989e-01
9.187177444282033090e-01
9.837993301694019088e-01
-4.814563365296838926e-01
3.149846323951654981e-01
7.329976135719709074e-01
2.495728583673884060e-01
1.108616140005786121e+00
1.034072388496650952e+00
-3.822287441693829058e-01
-2.141877567379973923e-01
7.284083897304640676e-01
-8.707536781138665027e-01
3.374535934259907943e-01
1.101958170185080466e+00
8.684482904001082915e-01
-1.309743339649919180e-01
-8.207184632767252630e-01
8.406279828423071088e-01
-7.135437890197682265e-01
5.396269094450332204e-01
2.874181373366013759e-02
9.286137791840243239e-01
8.178972157668140675e-02
4.384645990665396731e-01
1.036748940841282884e+00
-2.989803468237428596e-01
9.135314489748802558e-01
6.654918214859804060e-01
3.541696774309242013e-01
1.025581229945137451e+00
-7.152780406991530171e-01
1.366905055145362091e-02
3.607873121857607668e-01
8.411843690423292941e-02
1.435073882787123445e-01
8.036072148486261835e-01
8.432517132400059179e-01
5.135931895964604976e-01
6.603867411172965607e-01
3.414998966006144165e-01
2.443152919024544900e-01
-1.093358480838134694e-01
1.001968895840245288e+00
-3.659031066426703394e-01
5.977779167670906890e-01
4.908007508098359839e-01
3.015416658824876528e-02
1.059922978244999481e+00
-9.091894017872781397e-01
1.294796103637145812e-01
-9.815982109175169779e-01
6.481308618294330248e-01
-9.128121528491658365e-01
-6.209513344739396867e-01
1.761963014269736227e-01
2.441473657005435172e-01
6.585148685947970204e-01
4.538052837578407939e-01
-5.741780584731357440e-01
-1.631853188540555166e-01
3.757784935118824166e-02
-2.247577670021985163e-01
1.602314672431095488e-01
9.391581778901991751e-01
5.138371403868342568e-01
-3.208507344357858226e-02
-3.011738926313699549e-01
7.613004969082395323e-01
1.070427635083913476e+00
7.770395281864022063e-01
1.038838340575664709e+00
1.007126125611844003e+00
-2.741027031729229568e-01
4.086492031927397850e-01
3.596437159159033836e-01
1.005086239142990667e+00
-2.596487808025937927e-02
-1.302807523475614238e-01
-5.740879093118695931e-01
1.090069030176741283e+00
1.085229307116946096e+00
-9.116987713286417438e-02
1.572592857970003255e-01
-4.473249091947160139e-01
5.196475043074519906e-01
9.111715225077576807e-01
1.000923760083785474e+00
7.084224503930820482e-01
1.261977513848020482e-01
8.149092998265894394e-02
1.050185466310262772e-01
3.060855973838250144e-01
1.004572586184857119e+00
1.037625707947344100e+00
-2.279876488735266271e-01
-5.914967552246868099e-01
-9.414726931165517954e-03
1.069021301448253691e+00
6.681097050334470211e-01
9.527910610631546984e-01
1.040408877182890546e+00
3.397927690916358046e-02
2.274437344633422065e-01
-2.398099973801077756e-01
1.772961799874788191e-01
9.396812895522819176e-01
5.552697184770007954e-01
-1.740687108403893291e-02
5.753679070725581379e-01
9.459971100953201706e-02
9.748945644908872943e-01
-4.921594966082885048e-01
7.231081661718115061e-01
