-3.066019289207920773e-01 2.657361015365301560e-01
5.147299070582236347e-01 4.177807855856762176e-01
1.015446326514960695e+00 4.274508887018850789e-01
2.955667755744217917e-01 2.979879018455213746e-01
2.334646633677655014e-01 2.258278090399191973e-01
9.372199444244699862e-01 6.543081981676006631e-01
-5.969555795797627518e-01 1.483011156196070712e-01
-8.077991163992499501e-01 2.049999111346251790e-01
5.913433135784025296e-01 9.045527384636342649e-02
4.020703893222272729e-01 4.728508336513304045e-01
9.110128569276854105e-01 3.440061906177339091e-01
-7.799441756828142669e-01 2.338924390870642522e-01
1.101589674794702045e+00 3.737414078309073684e-01
1.099464955190874615e+00 5.657819458225115117e-01
-1.011681302062857668e+00 1.381849068662009128e-01
3.531711799753336489e-01 3.580015625526831169e-01
-2.679283355541250966e-02 1.653668890481487797e-01
9.025474573055951577e-01 4.990646938688479972e-01
1.078186176860832290e+00 3.385331593119574878e-01
9.303038286623390718e-01 4.466994996881194502e-01
-2.116483531052504308e-02 4.830359195029162306e-02
7.001204786985451012e-01 3.078269818129460433e-01
6.138805882976721140e-01 4.944007636789554683e-01
1.028845968278040424e+00 4.247554204126278155e-01
2.590027937110430667e-01 3.370644136731141827e-01
3.386725388891429489e-01 2.329462909148990735e-01
8.534973277949249315e-01 8.078469844041035186e-01
5.794424346296100925e-01 3.771824767580068266e-02
3.797911722106610544e-01 3.628671832585353973e-01
-2.596863429452287431e-01 7.961805029906256909e-03
9.079648855093274129e-01 7.840469113064665319e-01
7.139281964029977612e-01 4.990837901225586015e-01
-1.017158065585758386e+00 4.001789128430822268e-02
-3.993237021507756168e-02 1.856213274390945689e-01
7.940017663232510348e-01 2.807118126175609518e-01
-7.995900056504001707e-01 2.066447964695233563e-01
2.083685696492318939e-01 3.139872209707407769e-01
1.147564550526019023e-01 2.273825881649924052e-01
3.531172167088714176e-01 3.097758135830683615e-02
9.653076404923601750e-01 1.602561426570802694e-01
-1.005948619202544636e+00 1.224647063472634051e-01
8.549949911889842546e-02 3.087873565552429755e-01
3.856927851051690226e-01 4.470343770104053260e-01
5.792299268043745730e-01 2.763213064356236370e-01
9.587043721602606094e-01 1.820301316796562319e-01
2.981097846249700645e-01 4.898521876908070172e-01
1.021409902124909230e+00 6.746735600108790809e-01
1.134740944675773910e-01 2.073167845228772732e-01
6.268316303864589489e-01 3.127863115970666019e-01
2.745813362110001155e-01 8.143276020365305956e-02
7.619659831650709148e-01 3.717444806169909466e-01
5.174512587714468204e-01 2.408051483336303145e-01
-3.828798291008870258e-01 1.541128061615271716e-01
4.909227473133506159e-01 4.722556662296829022e-01
8.286935853510035699e-03 2.983143754888030741e-01
5.372624421417977469e-01 1.011971033831112199e-01
3.085301192226763689e-01 3.524570821952525274e-02
3.686635471291961341e-01 3.086160576084714946e-01
2.765652033774657070e-01 6.967793891842402609e-02
9.270203367889449098e-01 4.405671585758478837e-01
3.371110755608344167e-01 3.816549999487668932e-01
-3.449046124886870901e-01 6.417770776651010589e-03
6.342290146041797971e-01 3.134253967314783451e-01
9.538645112800780979e-02 3.519578090348021160e-01
-9.505780484626636939e-01 2.233959283329162715e-01
2.605425971226922321e-01 4.253573551738449865e-01
2.450721663507280379e-01 2.360830163347868715e-01
7.191479409585370686e-01 5.543636018039157509e-01
1.881919246348988661e-01 2.604666714076392733e-02
9.295012110088158863e-01 5.576452332254722144e-01
-8.325212074864645206e-01 8.036534836689870898e-02
4.662504083854137615e-01 5.105931745930888388e-01
6.519812550171191212e-01 6.664603165122776618e-01
1.846049783977219416e-01 2.237872943382816504e-01
-4.308717884511971130e-01 1.229612688815518162e-01
5.833658049054213368e-01 1.067950900182127461e-01
9.754064200887668790e-01 3.122155896414545162e-01
3.426610068714344148e-01 3.963646714308562136e-02
9.203607118222856265e-02 3.634461957377261299e-01
-2.533848937099358878e-01 9.645528493034601081e-02
8.190035724293192043e-01 2.528020315995319067e-01
2.040314891904304595e-02 2.762490097833741332e-01
-8.513080394374242799e-01 1.784196724292315406e-01
6.051697776585782673e-01 2.449808576699857576e-01
1.057036405758551734e+00 7.019880640738940247e-01
6.939919400523937298e-01 5.579312836886315408e-01
9.861691003344521533e-01 7.933677892924413666e-02
3.303356301745958845e-01 9.728101741587864837e-02
7.154944507796183739e-01 5.137301176116291224e-01
-1.370905500482446637e-01 9.328094743545409240e-02
-9.665142964632218447e-01 1.048107314069337583e-02
6.544931006739926893e-01 4.341067589281406569e-01
8.535100490636127191e-01 6.892090840679766517e-01
4.974316138973360335e-01 2.741877030869043219e-01
5.751000261644274580e-01 5.728674070408733554e-01
-2.161148234969755277e-01 1.521350338479079967e-01
1.086282740252515477e+00 1.131665732662831686e-01
9.719236008942921945e-01 5.267590946443424516e-01
4.581654323944588381e-01 3.861645346640777965e-01
-1.013181178001947735e+00 1.306049241769474956e-01
-7.524303716769058514e-01 8.425029260027463995e-02
-2.474911984529183373e-01 2.034249781286216197e-01
-1.187186850805982408e-01 2.664814361034515411e-01
1.034677555700047602e+00 5.372567616305173877e-01
5.233576804214541411e-01 2.028017585617228891e-01
3.188610859568661304e-01 3.074171141316712763e-01
4.138023599741798009e-01 5.433723626338259338e-01
1.024281132480271861e+00 8.724471523737333811e-01
5.341217775886781816e-01 1.830892341879616081e-01
7.151327823431343766e-01 5.599534556273420838e-02
-7.786085259626498445e-01 8.181518874814000530e-02
1.318090701609213600e-01 4.158678723428665402e-01
3.732258588722603410e-01 4.573245255920952990e-01
3.963968504816861582e-01 2.977222423073903057e-01
5.260988977042748704e-01 3.416305816621359459e-01
7.700192609983047554e-01 3.567279235558962758e-01
2.205730785205524125e-01 4.558854396580289681e-01
-1.264300391126620404e-01 6.888941565648439014e-02
9.055229495205230350e-01 6.277988512959454814e-01
5.150428659525441155e-01 5.770137745119300332e-01
-2.936135153436467693e-01 3.519108593603340052e-02
-2.637132217778480614e-01 2.079220474916053107e-01
-2.542564234870827722e-01 5.842229719280420119e-02
2.719666521420391891e-01 2.326256764736930882e-01
8.644328506642362520e-02 3.396710446926363702e-01
4.389162038935159327e-01 5.331778450433836275e-02
7.063110804429020284e-01 6.025385349596650286e-01
3.997787989256798014e-01 3.313411897499377035e-01
-6.487494136500440156e-01 1.508024977668160904e-01
6.450952397898674917e-01 4.508592156682897367e-01
4.794732065200151272e-01 4.089312129402259410e-01
5.149977508097813850e-01 5.664309102232613080e-01
5.608789372375759807e-01 5.982534190223549597e-01
6.302398822519212906e-01 3.248230735725305962e-01
5.546728253366521866e-01 3.306830983306686678e-01
4.570856359969475147e-01 2.362033076387961283e-01
7.689921559751746738e-01 7.103491188634674103e-01
4.472588413223128612e-01 4.779175515344646352e-01
-4.013049093926205346e-01 1.870752723168547238e-01
8.355048387660704012e-01 3.387669960099973787e-01
4.900745366544536630e-01 2.655468674846721000e-01
5.917382652519904696e-01 1.521778153327655037e-01
-2.960570213480918644e-01 1.205309291415487677e-01
6.839410783853998588e-01 3.890958709279453975e-01
7.663502025241224480e-01 5.150888067180138252e-01
1.006606103340193403e+00 4.387430560840515081e-01
-8.971013119040827100e-01 1.794885390778998557e-01
-5.111004592284184023e-01 1.574875597250262327e-01
-3.875023105997885686e-01 2.259888664193554497e-01
2.768283166408391782e-01 2.350840259229240031e-02
6.767162512346980296e-01 4.397912626852996665e-01
9.473638158118651287e-01 7.355536249576413166e-01
4.531103788679875510e-01 3.897080233264000881e-01
2.024285735842474843e-01 2.597437647813407094e-02
8.993905378928823691e-01 6.128410920896080333e-02
3.498955188624806034e-01 1.072568292267601364e-01
4.607146481646664515e-01 4.912775015107136434e-01
7.235063966099659627e-01 1.925220963407761263e-02
8.358480342354051018e-01 2.467487439181999254e-01
5.435686046012613293e-01 5.457999155705141048e-01
4.282153439994278443e-01 6.680947283413572746e-02
8.626587429857652811e-01 7.139956299906472514e-01
5.728348803941729628e-01 5.137508950593845380e-01
2.760770603906594900e-01 4.034574377040416882e-01
2.803627669330641670e-01 3.061878490954598742e-01
-2.434874535614697244e-01 2.312226661917047010e-01
1.541331653891941933e-02 3.630364030513900109e-01
-5.164103420231713759e-02 7.520831104253072885e-02
3.301319466702279382e-01 4.375217532114705071e-02
-6.322730042389461680e-01 1.118595682173248729e-01
2.883787888115703080e-01 5.290257735854751731e-02
5.256105416123555418e-01 9.468141654687198261e-02
3.099732730643525169e-01 3.262688339994951336e-01
7.730917500254375074e-01 3.286475911515334136e-01
7.787515964291793491e-01 2.608953500890060506e-01
-3.781749566788726868e-01 5.358312593220725811e-02
-8.574744325737304607e-02 2.146049737981762795e-01
7.690888830930018294e-01 6.470183500628042816e-01
9.861975532536848554e-01 3.507735675639313544e-01
8.745952181840948025e-01 5.978897734672631303e-01
-5.831724975409207090e-01 5.732994911859423670e-02
1.013708918435762829e+00 1.221158745750647034e-01
5.276700813358974340e-01 5.142883316491961843e-01
9.754171853435238404e-01 3.583362349394197399e-01
6.856077215331466412e-01 3.444014573520552958e-01
3.543921349726224523e-01 6.067126827813798529e-02
1.059605087425266046e+00 1.287899034798710152e-01
7.495806032741869629e-01 5.393290371927924598e-01
-5.200199694138079032e-01 1.417582430704889263e-01
9.306981976774901799e-01 1.961318222251448862e-01
3.502068645889548915e-01 4.830218889962281659e-01
1.651567952148149665e-01 1.406389944870890252e-01
2.574007396200110875e-01 1.865146047041509048e-01
-7.304497321313000446e-01 1.235652341820149686e-01
2.957392468191080148e-01 1.587592833301736395e-01
7.829063093874051305e-01 4.702844271969299772e-01
-1.622616934407054012e-01 1.940590631715587433e-01
5.539631992168401187e-01 2.768188024461573984e-02
2.508124914574156872e-01 3.305823263935953049e-01
9.846478659901918284e-01 5.434107734000891143e-02
8.342170464695179977e-01 7.915493539729583083e-02
3.618212941978642405e-01 2.174633580881731032e-01
9.839815329903807140e-01 6.315860122844498825e-01
1.956396540011771101e-01 2.477688648633781243e-01
-1.493246750961474412e-02 2.661109773308247828e-01
9.280435342227102424e-01 6.463204730082512395e-01
6.698865914761453766e-02 1.245817727483674968e-02
7.718827365142169050e-01 1.112776088613603026e-01
8.535119123109338179e-01 1.325410754406257108e-01
-9.467959547488582484e-01 6.816636476241788589e-02
5.278057799119579840e-01 5.489817724868221172e-01
3.708448617917385892e-01 3.176807760160131333e-01
1.162879160860317285e-01 2.731599525877963508e-01
1.093189170357480311e+00 5.087064872580486785e-01
9.412326199650686842e-01 8.570977645361949060e-01
2.077633715480693422e-01 3.056337250121320404e-01
1.008001647652093880e+00 6.909659493852595702e-01
5.869016041972341391e-01 4.121000297994717454e-02
2.694644821598204398e-01 3.922869862422959653e-01
-8.674734454876380507e-01 1.014580686643061919e-01
4.524013585324606623e-01 5.384461538970507499e-01
3.215844709087434250e-01 1.301647371784149694e-02
8.377749122326765274e-01 7.090350395436354480e-01
1.084074606493055093e+00 5.838037691773932947e-01
9.460448346228040872e-01 5.879934011245845360e-01
8.177957023487554267e-01 5.538890961539328917e-01
9.988138440012090946e-01 6.701074780253686303e-01
-4.284182831069875963e-01 1.036811311790580559e-01
9.854865633990561591e-01 3.653532705514337953e-01
7.877149335158342147e-01 3.970410458252576075e-02
7.474917966591263507e-01 7.028454652638097544e-01
3.789250776814467869e-03 1.197927531488195418e-01
7.141007721964043320e-02 1.474820275523084367e-01
4.498851202391696003e-01 5.338738322419925991e-02
3.930459514716286851e-01 5.108127079860260711e-01
9.879405568485388756e-02 4.887419423915841110e-02
1.220347224878679526e-01 1.105292710023466317e-02
6.755211425656466595e-01 6.191847182290401846e-03
1.547441683944825730e-01 5.956246114007911208e-02
3.766473083847534653e-01 1.629590421742363737e-01
1.079986058652171899e+00 7.330128295108948588e-01
-9.984581194392605497e-02 1.393553270063417338e-01
2.222589667085888010e-01 2.455464234841333859e-01
-5.240602865830279455e-04 2.533383271353091271e-01
-2.351599250889644388e-01 2.324465274561591521e-01
-4.754590739863895354e-02 7.990570180169818959e-02
8.407273220428379545e-01 6.266830479000951026e-01
9.953423912863579304e-01 8.992991310340731070e-01
5.585749240006632199e-02 3.774644438450767137e-01
1.911785827092282730e-03 1.902271972751437001e-01
-1.956402588656303010e-01 4.665360182397806921e-02
9.929821320503737780e-01 8.157667435518612953e-01
-3.637364148707665779e-01 2.694431575043803040e-01
4.728007947308374703e-01 1.395704128176737668e-01
5.376129229689983191e-01 3.887021448332692586e-01
-6.542556206623106885e-02 3.106250268076831637e-04
9.370539376351234573e-01 4.676491307855006885e-01
-5.280104464897374950e-01 3.232817870084967599e-02
-9.000658078012668817e-01 2.008291352430327803e-01
2.817174896560514785e-01 1.072137432225934439e-01
-1.821929855168654688e-01 3.952347581007335103e-02
5.413345671201745812e-01 4.448906917601708755e-01
-8.289311152256952919e-01 2.299640990942975749e-01
5.808979628530792638e-01 4.717202388017824877e-01
-4.302026912753219579e-01 1.912951697356204961e-01
-7.266438303598704573e-01 8.862684463185281636e-02
-7.073158826234093866e-02 1.761137243641582584e-01
-9.479796092730138346e-01 1.738547876345304666e-01
1.166017844060303066e-01 2.403213088241494821e-01
1.054451388648593113e+00 7.617999071104083475e-01
-3.611106446490897071e-01 2.584017572700408188e-02
3.268080052625805809e-01 1.766631249507016888e-01
8.814224377666799448e-01 2.252216458955719480e-01
8.258280754047422345e-01 7.925484234677584450e-01
1.031597349072603809e+00 1.198653982639202586e-01
9.150755802900170099e-01 8.209111274054912144e-01
-4.384939127170297546e-01 1.794388427834509303e-01
8.319803458507468719e-02 5.307108737360027861e-02
3.706382492885251789e-01 3.485800966730884798e-01
-3.206683375703838212e-01 1.057161515295415750e-03
-1.965285227974303828e-01 3.560931453247130618e-02
-7.928923288902705035e-01 1.259131271714972189e-01
2.717404416865225603e-01 1.788873205760586615e-01
2.887267295921676080e-01 3.004432154016040135e-01
2.808198734421480935e-01 4.324453117114689382e-01
5.706038136853726073e-01 4.252662693247297732e-01
1.007952341833482812e+00 6.872101504032611663e-01
-9.383975655913774361e-01 4.893281071409819223e-03
-6.119749124204516555e-01 6.475416778367996951e-02
1.780790328457451110e-01 1.501628525711706241e-01
-6.567039808837331627e-01 1.177421102949568615e-01
5.834306176310100067e-01 1.904820357751882366e-03
-1.575257023624464514e-01 2.408182919616163806e-02
6.285042914277580994e-01 5.882128273427434939e-01
-6.461219388208998549e-01 1.537983033460359888e-02
-4.520052502123154126e-01 1.969173241696638710e-01
5.983176575929840535e-01 6.431566400503264669e-01
-3.731881681500437420e-01 1.794829802217894343e-01
4.748396056505115315e-01 2.778409865858813554e-01
9.354544867464256175e-01 1.737846621096040822e-01
-2.084852919041932928e-01 8.461330540746780926e-02
5.034638453083644105e-01 4.637642459308942700e-01
-5.862484358438555532e-01 1.296195358933066311e-01
7.924342426767601033e-01 1.553999428760124424e-01
8.471268660488930902e-01 1.611097185492742917e-02
9.171620941552234285e-01 4.171669844509921510e-01
1.071514183093158490e+00 3.607599090795682861e-01
-2.124338572761753641e-01 1.338843148113904591e-01
1.026486260992657051e+00 5.517079443966819152e-01
8.548681856753024277e-01 4.093353797394515547e-01
-3.347989225342209441e-01 3.569872230738931757e-02
-1.125559520447364514e-01 1.112084269297435556e-02
1.096027329379332116e-01 4.878320843174985787e-03
1.086570376262576687e-01 2.439820708183380593e-01
1.088985637345983637e+00 7.680138413837594991e-02
6.588052668902579789e-01 5.825333297255034237e-01
8.473948625540297375e-01 5.180594492775267845e-01
2.413671095947966805e-01 2.841937431363523725e-01
2.072842278377813319e-01 9.553566660504088370e-02
7.730386572211849217e-01 6.567380211587605654e-01
-9.637051834462557753e-01 4.301069253819131410e-02
7.333351624974280281e-01 1.736709345258649062e-01
-3.250670350453348512e-01 1.620688754338700521e-01
-4.171492477063371007e-01 1.816185967797281087e-01
-4.814486992502839957e-01 8.763313545823833706e-02
5.604795809047939947e-01 3.897223787923933536e-01
9.472527950277687125e-01 1.647316852679878429e-01
-5.043461886956712714e-02 3.357819880648919009e-01
3.424554751211814629e-01 2.069720515573695574e-01
7.670040119887300278e-01 2.643742478319522915e-01
-4.685927844836945688e-01 7.909509862918617795e-02
9.767884206384733758e-01 3.573190245683409705e-01
-1.168760609151412444e-01 3.065258428264586721e-01
5.709843835570607151e-01 2.398897937885247078e-01
1.475098599277049338e-01 7.213362516662016888e-02
-6.584287826495963669e-01 1.190709727801505108e-01
7.961816309137295100e-01 3.462587014181250922e-01
5.160196224318835956e-01 5.679389370551045646e-01
-3.734499851574889506e-01 2.313985868776094468e-01
1.728013450920762306e-01 2.806506513503802258e-02
8.868637247923558675e-01 7.978185358527967175e-01
-4.491979942209296528e-01 8.693877199755196961e-02
2.113769050981719744e-01 3.372888443353178611e-01
7.226627844483741736e-01 5.522221244103987514e-01
7.758439388781164237e-01 1.734624055307137092e-01
3.384569184556041055e-01 4.682367817397472542e-01
-9.030404702647372162e-01 2.091018371963029587e-01
-1.121192939624338081e-02 2.333064069792740725e-01
3.673544609921999271e-01 3.761646663270161728e-01
8.949849907142166661e-01 3.790449618261469700e-02
6.205765418144482126e-02 2.027087325010551444e-01
8.187854037772188676e-01 9.908699424763481312e-02
9.798628287118353875e-01 6.728423294101832930e-01
5.140460825608010875e-01 1.179515716475446202e-01
1.109367981101536671e+00 1.106387394473202501e-01
7.678481150974350022e-01 6.333079533458184640e-01
4.135465847515826798e-01 2.014892464145882633e-01
-7.979123382627476557e-01 1.531770114881126355e-01
2.448524829411975468e-01 5.184257923422481290e-02
9.766595399444544245e-01 5.388988805627054068e-01
9.559312592072095605e-01 3.366488899556824843e-01
1.039399823216959007e+00 4.387482103394074739e-01
4.187550117868799049e-02 1.018445830676185382e-01
5.318737607995183136e-01 3.945291304014746925e-01
5.766690042449102993e-01 5.199372464170051167e-01
1.013324463135684361e+00 3.570411386179975222e-01
7.777163504468995736e-01 3.509974953102571460e-01
2.219593245901352319e-01 1.110884230752302443e-01
8.872706213844090417e-01 6.183733014213078638e-01
-5.187318154940383508e-01 9.570080361420692239e-02
-2.830155237366069887e-01 1.227568649911915388e-01
1.016661782870297071e+00 1.154164835250110210e-01
2.947760115291926386e-01 1.316849760916223577e-01
6.614830639336517493e-01 1.725113675460992202e-01
-8.367737692965363516e-01 1.747954138898719645e-01
7.494411222346881729e-01 2.025020081574861741e-01
-4.643429280896811395e-01 8.369451808801547932e-02
-9.113883200082818492e-01 1.513629681380547209e-01
9.445642119499628730e-01 3.931752025445552357e-01
5.282282347479339002e-01 1.338606122732809989e-01
9.713908440263721022e-01 8.771347217035169175e-01
9.572764387630245952e-01 4.396178796390474153e-01
3.254873949191672278e-01 8.510421220876450421e-02
9.169194849357178434e-01 8.178481799974136601e-01
6.399584682548566938e-01 5.494816633263158723e-01
8.396910693453116803e-01 5.788409237395021334e-01
6.488832686259313753e-01 5.584428357916548791e-01
6.183012019733942211e-01 6.330073956894053389e-01
7.885660232827544913e-01 2.039902302473336482e-01
-4.794311860969414640e-01 7.911232598498914304e-02
3.897444174142730144e-01 2.168523767578828532e-01
9.147930133652273366e-01 4.841259448181556291e-01
-6.433022363478072547e-01 1.671300207400243723e-02
5.053411533620884022e-01 2.402854616195256310e-01
1.087884623453262201e+00 7.661052888488824042e-01
5.056081092198609905e-01 1.164178882543833587e-02
-2.155419609968621808e-01 8.767898072259122655e-02
9.655153527792670332e-01 7.604849132308031390e-01
-3.328838345455820136e-02 4.525790983229602271e-02
3.480268553694718658e-01 2.678872832443477403e-01
1.024133907784806841e+00 5.952730582622492994e-01
-3.055552858816703576e-01 2.288425337754422806e-01
-5.723565584867820188e-01 1.651856391562159243e-01
5.081443289497680205e-01 1.029014628205465881e-01
2.686998832155591543e-01 2.014632530792692944e-01
6.569759566250632510e-02 1.146444428433572998e-01
-4.074614267347758112e-01 2.668514447633386077e-01
6.570799673991096768e-01 1.591650186237565101e-01
6.857222812291585701e-01 4.458591589262057564e-01
-2.305426652739392956e-01 2.081553630921308407e-01
9.724007407265606862e-01 4.390475984144499577e-01
6.386439840693709513e-01 2.484134121607853296e-01
-9.939415019888964142e-01 1.366079703297947423e-01
1.035538955621827295e+00 3.437538341528659225e-01
8.590838487717395999e-01 5.413812325268483328e-01
-3.337417239252855605e-01 1.091019996996596686e-01
8.514977805810224343e-01 7.179099211084541965e-01
7.545361049740781922e-01 5.803094207745166377e-01
3.595661584270117839e-01 4.143741359927116674e-02
-9.464145851716265767e-02 3.266869683307710437e-01
-1.580921555390494282e-01 3.254678396061265744e-01
8.902790278360412923e-01 6.674319613699289944e-01
-3.562022294422247937e-01 5.449855914132250428e-02
1.083589487573356713e+00 4.832292231378209069e-01
8.556695075377194204e-01 1.749638779465521043e-01
1.081672096429835861e+00 8.221759812570271844e-03
1.897015093726470703e-01 3.599978309387611569e-02
-9.954152260268845920e-01 1.671843115614233266e-01
2.796177104419357295e-01 1.047597057408390098e-01
1.003796826882727533e+00 6.173933498566869238e-01
3.861865110719202576e-01 3.348762317533611199e-01
-3.382115556093915343e-01 1.181821778485052377e-01
5.902665853337021318e-01 1.702497625888721999e-01
-8.912578326744162727e-01 2.254741680384131086e-01
8.676824574689887548e-01 7.068807258393341453e-01
7.483099632509730981e-01 7.335052781418787138e-01
-1.019658034439730798e+00 2.412080239502933238e-02
7.431975827955112912e-01 3.356937927051250048e-01
-2.760550070317610016e-01 2.486325055513378957e-01
1.035304059725338455e+00 5.556131524904144303e-01
-2.813920749036792346e-01 7.404370754188202564e-02
7.013343075368343449e-01 2.177595289415314161e-01
-4.255452316088539355e-01 2.580270255226477238e-01
3.705890986163451473e-02 3.731332915010085460e-02
4.097535716811957496e-01 1.030916427516502948e-01
4.439255609150731807e-01 3.067839119068080933e-01
-2.255853409580255153e-01 3.605536920683097279e-02
8.813420499842228306e-01 2.735672115764222756e-01
-3.904980836232202490e-01 3.918947988216592293e-02
9.920023038112502078e-01 1.725863459559877078e-01
8.341064243444882287e-01 1.184661588530944165e-01
-8.372459214408128902e-01 2.313642897190235082e-01
4.567136186225915218e-01 1.988580509874729452e-01
8.100987070309031424e-01 3.500726887561048661e-01
9.361144931475173792e-02 3.814928571254044831e-01
-3.387751922394151016e-01 1.541725911821067441e-01
7.429798705103711765e-01 2.665055751342300105e-01
6.619199113758873487e-01 2.651389134268586911e-01
-8.541938438129494937e-01 1.541065151256500350e-02
-7.069061796624407368e-01 2.348636336090832999e-01
8.565822513724858922e-01 2.693841288383789223e-01
-6.626655554926601521e-01 8.290169478011574777e-02
1.077677222573624860e+00 8.460142926554002907e-01
4.101277317777969333e-01 3.113482320068812204e-01
-9.701461756471562170e-01 9.349097929040861565e-02
1.616729240909031695e-02 1.018865705488780984e-02
2.122282939380153444e-01 1.660443684617833315e-01
9.444201282899953309e-01 8.764919686573728885e-01
7.567525179141993963e-01 6.949401181525008964e-01
4.180816123723960498e-01 2.708616224939180972e-01
-3.306754029820346830e-01 2.160947403538746592e-01
-3.618151346078063435e-01 1.435833281072042278e-01
-7.939889874219296928e-01 1.220706217891217860e-01
6.554041362423259631e-01 3.428699295486495324e-01
8.171401391807606718e-01 1.773355833862143294e-01
9.843091863518509399e-01 6.401875446796525537e-01
3.264786120793357060e-01 3.697240604296140321e-01
8.460648178635876704e-01 2.828924019018778102e-01
4.628400159254997259e-01 1.797864496809998269e-01
-9.999071253427027628e-03 9.459917358656090569e-02
5.443998118446016221e-01 1.854785744358662322e-02
-9.310366139753447623e-01 1.556207284581115347e-01
4.546734472593394472e-01 2.574313767547958265e-01
7.623554301220085705e-01 6.233098931035792045e-01
-8.047648416257624504e-02 3.426895974604757811e-01
9.067655444654665331e-01 7.083784720114580935e-01
-8.326228336431775734e-01 2.092347436488380674e-01
9.679418843962257490e-01 6.850189762522712611e-01
-2.531453256571936095e-02 2.579083257802813334e-01
-7.367507417958751859e-02 1.856991428311518810e-01
1.036793414538430103e+00 6.488212739760437220e-01
1.043315955500785375e+00 4.796132755012707527e-01
-7.925665143440239202e-01 1.031431394068304391e-01
1.383522910425760699e-01 5.825808211942825471e-02
-1.605855989427729114e-02 1.546473348742690990e-01
-8.752927460557631267e-01 5.187864124680907629e-02
9.050311675223408070e-01 7.788759934107817307e-01
2.888297909511952088e-01 2.907612754926409693e-01
-9.020357772427313181e-01 2.151713507117111179e-01
1.107806961233904541e+00 1.658434222842276873e-01
6.310123707970105578e-01 1.588477440164930143e-01
5.920149291222931431e-01 2.791883914812171019e-01
9.510248441510804618e-01 6.313670203082913934e-01
4.008976492917355472e-01 5.013221114218330277e-01
9.287429929413941743e-01 5.603571044865519601e-01
5.590915529484188351e-01 5.833761032009836534e-01
3.205804139296670741e-01 4.391881018107365864e-02
1.041896597838174454e+00 7.356900553187180510e-03
7.183358043811927107e-01 1.495944733162309637e-01
8.891530973197396825e-01 1.831490684386462287e-01
7.755995038229039906e-01 9.458388015278237915e-02
2.583097244911443102e-01 2.612023091754015480e-01
5.346621018387027746e-01 5.207665439842187327e-01
-7.734237949705635717e-02 2.476789312803109044e-01
1.085840375526110346e+00 9.777391033003278720e-01
1.781583773929895642e-02 2.860227940533485169e-01
-4.626981082403174295e-01 2.579911050108480985e-01
-6.857690101048550257e-01 1.451271769798243017e-01
7.024279791120755512e-01 3.394476658286343373e-01
8.831264210589391261e-01 5.651715932491803152e-01
8.875212895327309059e-01 4.635015857052335875e-01
3.021984074911758800e-01 3.436120815211465840e-02
9.965205741902392056e-01 9.166615438321639164e-01
1.013219223903586652e+00 1.977010781308994325e-01
-1.004234161286963634e+00 1.635092535026988134e-02
-6.551957082741013405e-01 8.513126618107151600e-02
2.291433955331614314e-01 1.725536950580098747e-02
5.230307797486168919e-01 3.840268664268775001e-01
4.753783170272820602e-01 2.159750831507693258e-01
8.148468771424266510e-01 4.718532600551477163e-01
-3.933840274009221538e-01 4.352667260430252510e-04
5.094937989547481116e-01 1.031203204313946020e-01
7.786521602991456348e-01 2.391943236310858645e-01
6.829242940132926876e-01 1.524761512320877421e-01
3.835666458296380643e-01 2.121786365077923120e-01
7.058269419245699616e-01 2.524356594927557595e-01
-8.405396183832725132e-02 3.116532712235471902e-01
3.064951119168064508e-01 6.213757248849804266e-02
4.118697950048983980e-01 3.616512289699029270e-01
9.079556842471105949e-01 4.011389330908831652e-01
-3.189682272010040398e-01 2.250876113900218134e-01
7.075316750613738215e-01 3.912098910801545260e-01
-1.017832316092120104e+00 2.374017644631702950e-01
3.067923195204356190e-01 1.883784070402526323e-01
1.018263279740354577e+00 8.984672019383105335e-01
9.602344160220521729e-01 6.566151252151206652e-01
5.399534385930218061e-01 2.164596962325630314e-01
-7.864378008161754252e-02 1.707058681156209956e-01
2.730591845667955653e-01 2.355781056379361027e-01
9.909687518323289090e-01 4.616849334608074118e-01
7.937508535875785753e-01 4.547562404839354255e-01
1.006316363072897957e+00 2.161800436728542885e-01
8.182313594172248017e-01 3.283296982414168896e-01
-4.115103213889083067e-01 1.380997103038392182e-01
8.878862397695164166e-01 6.446475774001154679e-01
7.987825142090545505e-01 6.855200957410062523e-01
5.843938756094673170e-01 2.861778206071040609e-01
-3.625296456411754020e-01 2.287469346248797719e-01
-1.105105612502753631e-01 1.037920398213892231e-01
3.768601319621984747e-01 2.493450648535932568e-01
2.553742495356901010e-01 1.348893268515077015e-01
9.339762332161130054e-01 7.489061646954907614e-01
8.486736695051926294e-01 7.731034176259592335e-03
2.148192909980217724e-01 3.360564476362052910e-01
-7.466074298968969902e-01 6.502813531799048197e-02
-5.553031840605641145e-01 1.777420273321486943e-01
6.836542931761693254e-01 4.741369658947478527e-01
-2.096740306453753755e-01 2.354641770308230353e-01
-8.995916882026605554e-01 4.866471916572585182e-02
8.142576771063489982e-01 6.001460013304873442e-01
1.043939608888451609e+00 7.975418653068405694e-01
-6.557996822465561593e-02 3.947877404808138035e-02
-2.006333776661072266e-01 2.311325000332925539e-01
-4.004035243586606674e-01 2.151201009106734618e-01
3.985123388793787580e-01 3.467579426381967589e-01
-2.794901997878109778e-01 2.115346905687009171e-01
8.395814699998376263e-01 2.375780279163403758e-02
4.427574874845916497e-01 4.749353472486647076e-01
-7.288696132406601302e-01 1.615853299849697444e-01
5.797128792618102544e-01 1.175694234236063923e-01
-5.714762307658489693e-01 4.495201889816358848e-02
1.035344850855342003e+00 7.157522418407312736e-01
-3.244964586289568187e-01 1.315277618595314113e-01
7.745615829943353070e-01 1.417173788653893762e-01
-4.337174416039997205e-01 1.517638925865774924e-01
3.885642289474571243e-01 3.558829590342171834e-01
4.151895103571394685e-01 4.705650019858757527e-01
-8.864240861384342640e-02 3.006791480138758521e-01
7.694680958260649017e-01 6.020625352706234779e-01
-7.104651843668812194e-01 2.224064102059505610e-01
9.437564203703974197e-01 5.854499569906026490e-01
-3.499797612017920834e-01 1.494889236037374447e-01
1.025958633659903363e+00 9.287306445610873373e-01
8.787453929208179915e-01 5.120469559321388919e-01
8.253371292748419297e-01 5.826345174560595280e-02
1.361929904215852805e-01 1.321308411204815958e-01
7.152413804495199035e-01 2.402812061661598747e-02
6.130077000829237122e-02 2.060884456094478068e-01
-8.603233892422601503e-01 1.677924848770742661e-01
9.580065251469218612e-01 8.098802450705057110e-01
-3.609021062645499933e-01 1.136564978003327953e-01
5.991632848265144862e-01 3.202068513459008225e-01
8.393751509346660811e-01 1.811326434410378827e-01
3.977589667642420501e-01 2.520077791963439180e-03
6.901967993712989635e-01 4.208150279165203678e-01
2.817724111050492475e-01 1.874976208555791668e-01
-3.702448644354228158e-02 2.930823636530902054e-01
1.038930654452714375e+00 3.243012600139925650e-01
4.764544496243556804e-01 3.621720748337631246e-01
4.664726267923855474e-01 5.632454869563732203e-01
4.641264886396465617e-01 2.690867474972585827e-01
7.777781751200543159e-01 4.593760563527524154e-01
1.050489711700202555e+00 3.076761008816955578e-01
2.557481982220912720e-01 6.723478137304506053e-02
-3.236692425065235135e-01 2.034151539756216820e-01
-9.898499136031370105e-01 6.329519186871422620e-02
4.688136601600447761e-01 5.778036690516101803e-01
1.022896614672059279e+00 6.087888402379856290e-01
3.260107253158441853e-01 2.711450620958873459e-01
6.826725185756055136e-01 4.432712817346973755e-01
3.069175906031058609e-01 1.941358629550758164e-01
6.423405021540473658e-01 4.258095478131684319e-01
8.662745526660471374e-01 1.488700481938569353e-01
9.427630903794848027e-01 7.537762413526073457e-01
5.934412416878065422e-02 3.309754216832208606e-01
8.156034671099245958e-01 7.656681159105950263e-01
-8.683453354858854389e-01 2.128604305541626218e-01
9.816720433258501188e-01 6.375256214614204442e-01
3.807501759968634492e-01 3.522971451218135375e-01
-8.733211216402343435e-01 7.106261989216167141e-02
1.098199066333555241e+00 6.141055177925527353e-01
-5.488832038748447939e-01 2.809630335456454048e-02
1.107449960524026444e+00 9.467467298360020544e-01
4.511891809809571718e-01 1.818950938555638774e-01
8.360920460202312388e-01 1.719627770108249631e-01
1.029355132896110359e+00 5.416379404173570222e-01
-3.927148365445645162e-01 6.521999107493006362e-03
-6.917619545967643724e-01 2.162251893428269178e-01
7.761099286995101210e-01 3.857924684614997823e-01
3.576172673803228452e-01 3.486877008053951982e-02
9.290539096472905101e-01 4.553942473344400610e-01
9.164619389238672920e-01 5.484732194778325631e-01
-9.028413872115432781e-01 9.085545039909520559e-04
-9.337060443171560919e-01 2.350035528231718684e-01
-7.484416753030274094e-01 1.174973875156428704e-01
-1.740868075284645045e-01 1.771690495680596222e-01
-3.033668988955322554e-01 5.534067793107524946e-02
-9.912039274873374328e-01 5.549207998616600968e-02
-9.290149978404040887e-01 4.183729920243682565e-02
9.285907880825539085e-01 3.678688377881220162e-01
-1.003178565599132099e+00 2.139036835285252902e-01
8.470070152419850729e-03 3.725471048118787487e-01
9.022368531210362974e-01 4.891880142166271095e-01
9.118835252776023026e-01 3.139586181076545884e-02
1.074455024991586960e+00 2.608025569323909609e-01
1.099354156874070565e-01 2.960710995007201363e-02
5.251971353563666955e-01 7.591692421827526960e-02
9.972326968244553669e-01 1.578123110556814979e-01
8.495314750917026814e-01 7.670193342189887131e-01
-1.460121418149347150e-01 7.089308912138134189e-02
-3.259870328108606108e-01 2.778618962741943310e-01
6.028984487398520997e-01 3.497486549048873811e-03
9.095295460518233455e-01 2.112473425282761566e-02
1.104204681154177692e+00 8.836819093769947564e-01
-5.133262548955366267e-01 2.088094861699626159e-01
4.180670588719199721e-01 2.538297219616778011e-01
4.131228523750409831e-01 3.137534361012644379e-01
3.277334515629466427e-01 2.957199489072957488e-01
-1.064259224769967815e-01 8.534482209408067455e-02
-2.206111544741141683e-01 2.280327423213849014e-01
8.585282522523716153e-01 2.562800188114004452e-01
6.849897600961063482e-02 1.344567239045095230e-01
8.455414696243088724e-01 5.915727320736112738e-01
-6.499362947641880162e-01 2.357198006145919296e-03
5.405208601349344999e-01 2.876130484767939199e-01
-5.985990620281889107e-01 1.531892761654680135e-01
-2.208606981173434347e-01 2.336008611933202417e-01
-2.521578440074728755e-01 3.012678997835488426e-01
3.793707476816166047e-01 3.273334220274919382e-01
-7.351395747020517124e-02 1.940490266452356005e-01
1.299324939500867693e-02 1.277771027304701601e-01
1.653880460416023990e-01 4.268558517406099151e-01
9.779945960070084432e-01 8.459901046002250569e-01
-8.685361713893524627e-01 6.192168721859976806e-03
-4.729313660784023599e-01 2.514729299184375044e-01
1.050254583620218618e+00 6.792747926996363095e-01
7.850313012223699705e-01 7.242270946165935142e-01
-6.600081012749203779e-02 3.090580122400461427e-01
3.659034892240000669e-01 2.359748318475270168e-02
9.270996021636250806e-01 1.209411815222439547e-02
3.535323254449509456e-01 2.123572953282681086e-01
7.395112035780435633e-01 4.403753131507108232e-01
3.266359885102327887e-01 4.883795500302464121e-01
1.296287299457385966e-01 2.808940940003463171e-01
8.599842800872208315e-01 9.644962053113384504e-02
3.218573594701266138e-01 2.520651497587462000e-02
1.216916653845330210e-01 1.863513641931907050e-01
3.728439378092669454e-01 1.425619408994134064e-02
9.316528788517042248e-01 7.740301845131750680e-01
7.451618815300600218e-01 2.744193625512099111e-01
1.030982546616025175e+00 2.082550328826215102e-01
3.426450447825191148e-01 1.367612605327178099e-01
-2.293785275570595639e-01 9.069912356970787071e-02
9.707757796261238248e-01 8.698763038262928848e-01
-8.771962590324934306e-01 1.408467600817192023e-01
9.822893724336565491e-01 6.869261974190192799e-01
7.993891512767867802e-01 9.843833121247556883e-02
8.103477257185960347e-01 6.652268940215227966e-01
-5.846062868875009366e-01 1.849076484383059549e-02
4.829472877621310278e-01 4.702288971624112301e-01
3.500279229791249946e-01 4.524232186999092020e-01
9.608109120787082791e-01 5.500688070734945923e-01
1.029815058161578811e+00 3.449914198613884264e-01
4.563089848221804079e-01 2.514008999940817168e-01
9.492887982446076567e-01 3.290523538246840629e-01
5.136475539466107687e-01 3.032174302086457565e-02
-1.326509382009379845e-01 2.026335721665330492e-01
8.751223748747363196e-01 7.278450784578088806e-01
-3.251137181352892203e-02 1.627816333969652196e-01
4.299523052183882310e-01 1.092742679598454614e-02
9.016068815399014280e-01 8.236778281141565738e-01
9.145355097266498756e-01 3.139726792611380324e-01
4.047088298513328297e-01 6.685490377617279989e-02
-1.739467197776155549e-01 2.703907751194307152e-01
1.272973060936704037e-01 2.697617164615449120e-02
-4.306081571836053445e-01 2.562328873296014775e-01
-1.277315050870780899e-01 5.294323604342882073e-02
8.075530450587864451e-02 3.510507024637166684e-01
7.423240788359517506e-01 5.750500295742541068e-01
-3.460119699814497851e-01 1.163977613371080105e-01
9.011111087468888226e-01 7.910002090215731974e-01
5.429219724927740742e-01 4.834560864001170022e-01
7.592983331166935912e-02 3.698918277135410659e-01
4.738627947515863248e-01 4.685174843294537816e-01
1.053500419311809821e+00 2.522657259820161868e-01
1.906539427513687102e-02 1.973506705221515223e-01
8.182496710446698351e-01 4.294012034276776801e-01
5.573600804737395276e-01 5.436892297681409358e-01
-2.424642331800970219e-01 1.241869636771604363e-01
9.337026313972507374e-01 9.596393750714793391e-02
-9.778203553485866895e-01 4.677060670026148004e-02
4.957021532234018313e-01 6.477966210366011002e-02
2.786929299704778984e-01 3.328698357348876535e-01
9.635924751715714276e-01 5.863710495509424359e-01
9.448588948116292130e-01 5.629177433224130667e-01
1.007435893688631179e+00 3.942404860851452808e-01
3.755544800082537549e-01 4.277688895978323247e-01
-4.757835794336358060e-01 1.959984790459145809e-01
-8.328829548140670447e-01 2.201843662709297156e-01
2.376039100484839128e-01 3.271451958161188389e-01
5.513499826204850685e-01 5.643991768857429259e-01
9.448809557557877881e-01 5.552519616710851480e-01
3.957611008468098213e-01 3.377022163060574012e-01
6.761236671559476274e-01 6.519586968818872341e-01
-5.627699083481640940e-02 8.468901122922532776e-02
4.910361452527935988e-01 2.701083079097482131e-01
-7.955086074920367789e-01 1.233322932146145440e-01
-2.289415959933027711e-02 7.340478803605499092e-02
-8.085885578480959124e-01 1.499232233018152338e-01
-5.219234484905876936e-01 7.966472378777092467e-02
5.447056933073768370e-01 1.270525404071357611e-01
2.847494982180454048e-01 2.096600112730462664e-02
7.233717847501845988e-01 4.608934027079402140e-01
4.969618607152190837e-01 4.890536975839782086e-01
2.176573393853373783e-01 1.249173221425762814e-01
1.618035762824827639e-01 3.860604920354429592e-01
4.520443565158629440e-01 3.964542778578593052e-01
8.757689513018680483e-01 3.755019281225983607e-01
-3.636409137005708336e-01 1.904368166185419764e-01
-7.312253625430713555e-01 2.661749854634655812e-02
1.825725100546498059e-01 7.086168026650918605e-02
1.101424508466330998e+00 5.308267363753478296e-01
1.009204408093489214e-01 3.665775126037378873e-01
7.469410611065896433e-02 2.284360702510357943e-01
1.015333328126828860e+00 4.084063335247366533e-01
6.060071269045890219e-01 5.226834282086426642e-01
8.218575708496924648e-01 7.822410744215534395e-01
-8.320511580732227186e-01 1.306076346648815667e-01
8.675315716167872893e-01 8.221098501119761259e-02
6.581669301188168841e-01 1.832702969592385836e-02
1.063004335351359408e+00 6.933756982794302415e-01
7.375181285419167843e-01 7.096059842670371376e-01
6.961851415476798532e-01 3.916489446897737925e-01
5.482661556667156599e-01 4.972814312815266313e-01
-2.143113022401577084e-02 2.592967009113186783e-01
4.634653295237425308e-01 1.618123412610741607e-01
6.511753366843862079e-01 3.294576676896603384e-01
-6.320199013657511466e-01 7.876144828018427635e-02
7.039969952084168536e-01 4.502920563000982757e-01
1.038225948840898027e+00 7.858834628154843793e-01
1.071243280826200017e+00 4.883847775804556757e-01
5.696950870901480446e-01 4.316311399543150129e-01
8.890577729782573879e-01 5.413566235235988122e-01
9.943713749928462242e-01 7.071263558497399293e-01
-8.063557061825360472e-01 1.285945666596047532e-01
7.318917191046359072e-01 1.326227660189654989e-01
2.360243655957490194e-01 7.036275039756828553e-02
1.043265512926139227e-01 3.152751940410910558e-01
-1.204340045832140715e-01 3.364935168648146013e-01
4.327946800777748848e-02 1.273442467969214398e-01
1.031519502235510810e+00 9.159315979214268655e-01
-8.364754541556886913e-01 1.733170456465684961e-01
8.552812973585597334e-01 6.247499311432487268e-01
-1.262279789819586995e-01 7.646840371478680516e-03
5.518608719683015806e-01 4.433674696157820505e-01
2.597914430675982711e-01 3.976727926569865179e-01
-5.939938354833085299e-04 3.553230906388974430e-01
